334 PHARSALIA

by 01111 tutor 11 Pompeius, 10, 11111111, 17211111111, 133-1371
203 111131111113, m
3111, the. voilod 1111 111111 13 the 111111, 11,, 11331113 with blood 1113
breaking out 11 1112311113 1111111113 with 1111111 in 3111311111
3111 111111111131111113311, 1311 1111111111, 33111111111, m 3111
111111111111131111111311113111, 1111111140
13, 131, 274, 3171111111111 3111 1111111, 11331111, 32
stom, 143, whoolo round 3111 1111,11111111,111113Ρ111111111,331
1113112321 111311111311111111111 OmrvioitothoTrond,298
11311111 11111113131111111, 11111111 11 3111 bite 11 1 111
3111(11111111)11311111,11111133, 1111111233
γ,233 313 Tyro, 11111113 11 111111, 331
3111113111111113, 274 otgossoenlofssllylfflul 3111 111111
1
1111111111, 111111 11311111, 33
Tmffs, 31111131111311111131111
vor 130
11111,3111111111111111,33 Vnus, 11111111131131111111111,
111111131311311111131113, 32 431 311111131101111, 113
1111111311131111343 3111111123
1111 11, 3133111311111, 133 311311111071 13311υ11 1111111311,
1111 (11111111, 133 1031 311311 11, 110
111111111,1ο11111111 111 potamon 11
Delphi. 120
Thssm’ 1111111111311 Pompeius,
11111111,3111111311111113 1111111111 11111111,111111111111,191

137-1711131111111133111111113 Xerxen&

Wonnowonrn, quoted 234

mm 117
{moon} nm 00. HD», 311-3711111 Eoum
11033011

 

