330

00610, 000 (10600
0061660 110601010106 10 00010061,
66, ·001106 160 6100066 10016 16
11010110, 110
00001, 16111,0,6,·610 0601011101, 9,
0100000 Rubicon. 10, determines
061101,13,00000610110000,14-
16 ,0010061101110160 16 , 0010060
600001611010,70,060110061006
1611010, 47 ,6010010 0066116049 3
ι6 6116, 60, 6100110600
Β166 unium. 66, 00660 061-1010
610110, 63, 61010600 06 Romo,
64, 71161660 01 0011010 10, 66,
0100000111οι ,77, 0111000160, 76-
76, 0116100106 16 60016, 91- 166,
mutiny 01610 137, ,16106
0000011006 136, 016010 maroli
1666001661, 137,16 Δ 06110,
136, 10660 ιιι 1101660, 140, up·
610160 Antonius, 141· ,0110160610
6061011010,141,610006100016
1110 010661, 147-146, 61, 110000
01100106 60 6100000, 169, 60100106
60 Pompeius, 166, ,66100000 610
110000 1100601010 601110 01 Pharsalia.
700-703, 66006660116 1601101110
717, 00060100 Pom ,ι’ 00160,
716-Μ, ·111100601111611Ι
10, Μ, 0610000 Pompeius, 796,
110110 71006, 796· 16 70001, 300·
10006106 11116 Pompeius 6006,
1, 6100 00006010111303, 110110
,410006606010166 307· ,0600011101
0100006001ιι6οιιι1, 317 ,00060100
Phuni 377
00106610. 64
(101060610167
06001016161011, 73, 93
00660, ,01060600 10 conduct 01
Hannibal 01, 771
0061660, 060106 6
00160, 60100106 60 Pompeius, 61
0011600011011600134, 111, 119
euius. 116719
(10111160. 61, 136, 193
0010, 06000610, 01 Pompeius, while
160οο6006 001106000066,1,1101·
view 1116766100, 40-43, 000006,
41, ,60111000 10 6101010, 44, 610
0110100101 described, 46, brought
110600 11061 000160, 67· 00110011
706ιο0160 60110106 army, 764·
610 0000060, 011160 0 0110100101· oi
Pompeius, 770, 066 0601061160
01601060 11016 600011160, 771 , 010·
0661010161,δο 774,00000610

000,110;ιμω,01101,6

100 01110110

PHARSALIA

nonnuli 060010 01 1106161011, 763,
,66061610606116016600011764-
790, 610 6101010 ,796

catulus, 0 00111006 0Uol 86110, 36

00101Ιᾷ :gn 0151160 06010, 00606010,
0 m·

(00ᾘῖ 0106610 11166, 16, 93, 146

00610610,66,601601111060,16 160
Qud. 170, 606100 066 0110060100,

00160060, 61, 166

Chiron, 170

010010, 01110 Pompeius 10 0110 601110
10 (10001, 193

01110106 0110100 011001 imm 1110 000
by Pom 6067,οο111706100160,
70, 10 600011 0010, 771

0101011606,Ῑο16 1061060106, 767

00160110,1011οἰ606660101106 01, 67,
0011011016 Pompeius, 149-167, 601

,6001160 11116 Pompeius 01101 160

601110, 779-731, 601· 1016061 0101
610 60016760,10160 0010, 766,
601· 000006 10 Sextus, 766

00110, ι 1106106061 01 (101001, killed
by 16000610, 19

Cotta. 160 specui 10 160 tribuno
Metellus, 66

0100100, 1101060, 610 601001 un·
0106006, 3, 740, 741, 61060016 ι
00600011601101, 7, 71, 00100660
160 tribune ,1606 60 001 061 11061
Rome. 66, 60100106 8001100110, 61

0111011600, 16011011000016101100006

Ι 01Ρ110130116, 709

(1101060 01111106 ,6 0106010 ,,66 199
0,,110, 0000061000001, 13, 0011110
810600666661610, 63· 16611100,

116-170, 610 1100060801 10101160

0010600116, 60 1066 011160,
119,16060011,, 170
061100, 1110 1106,066010,10,705.
00711070, 11010610 01, 74, 76
gffi’igm by Venus, 713

1101160,οι0106, 14, 74, 66, 176, 760

Deiotarus, 10110106 01 (1010110, 0061
10 10600 Risi, 734

111οι5180, worship 01160 706110, 19, 61,

Diomedes. 11160 01761000, 37

Dodona, 67. 177

Domitius, 610 0061000 01 0016611161,
46-60, 10 taken 066 0011106011

 

